#
240195.61
4232.47
5888
NhiN2Z3A
476081.93
3745.98
8712
CVnFrxkn
373679.46
5739.76
380
L5Lw1DiL
659684.79
8069.87
2707
yGP7gKSM
549265.11
9477.60
2965
XiTv21Rk
624686.48
147.44
6511
r7vcr0V6
346888.75
5011.65
7852
NRtUBFRQ
841966.77
5497.86
1280
VpR4WDWh
456330.60
2995.21
5773
TIIEHgYt
331696.4
7272.11
6062
dwDTSZly
711179.6
55.86
2028
iDUdeqwp
266916.70
589.95
4668
oEdbinng
260806.4
7393.65
696
2TM47hQA
789734.78
4336.49
7706
SBfuWlFh
878266.7
7372.20
7406
HyodMRHp
580579.29
908.0
7033
GX8Lal3k
200781.39
4792.65
7891
4pnYPrXd
69343.3
8482.39
4020
GJp8d9BX
890388.15
5998.31
6818
to2qvr8V
730301.34
6309.20
618
7ksDiPw8
96837.70
5311.60
415
ZOguV3Dw
842704.43
4345.89
4551
nZAMtMI4
804387.58
3540.55
6241
SZpDoP6D
326371.51
3697.14
7303
Lx58B3DU
69401.84
8699.85
3478
SYqf1ZeO
192942.78
2316.65
5997
mWIc2ELc
201841.2
1358.91
6504
OPasoUvV
535550.10
6454.2
9528
lwa7PEjE
337987.99
1843.88
1466
ME9UbJVk
369485.65
525.51
405
n9t2fG1X
630963.48
2744.6
3000
T5PjrAsb
524922.5
7086.84
3724
D0WbD3Gq
408334.71
181.56
3181
27ine7GM
685508.1
3952.29
8780
UW6YvsBZ
575089.22
6147.11
2663
RQuWAhGg
502815.35
3669.32
6303
9srpCEF1
826179.63
127.24
8125
dcjhfcHN
328195.69
5174.64
8678
M2y3JX5l
251065.77
3796.46
3837
UDqHEgyb
498471.37
2083.57
7735
4dQ7MndG
947795.30
6405.26
19
PdSNB50U
397317.97
7868.70
4397
TsyplaVM
783682.35
902.67
89
IWlgo6lu
367868.86
7081.85
4435
L0sA5UsV
245397.38
8769.2
3466
ooDt4WAk
317317.71
8115.64
4359
v5mTluMf
131229.20
2775.65
8019
PBKMbjTh
974024.34
9716.57
8545
oUgCLsIy
256077.38
8261.61
1551
NgMlcelF
430891.39
6664.34
5476
0aOkhuFt
529243.74
1183.97
238
FessWFSL
#